31 35 29 34 26 25 22 33 21 32 28 27 20 24 17 23 18 15 13 1 19 0 4 12 8 16 9 14 5 3 7 2 10 6 11
19 21 15 24 18 23 25 22 14 26 17 10 29 27 28 16 30 12 9 11 34 35 33 31 13 32 5 0 1 6 8 4 7 3 2
2 3 6 8 11 4 12 13 16 5 0 1 17 10 9 14 22 15 26 31 19 18 27 21 35 32 24 28 23 20 33 30 29 34 25
13 11 17 16 8 4 7 3 2 6 22 10 21 20 5 26 9 0 14 1 15 31 19 25 35 30 24 18 27 23 29 28 34 32 33
0 1 9 10 6 14 11 7 2 3 15 19 12 8 18 4 16 13 23 24 35 31 28 17 20 32 27 33 30 21 26 25 34 29 22
9 14 5 6 0 19 1 15 11 18 7 16 2 20 3 23 12 24 8 4 28 21 13 17 27 25 22 35 26 32 33 31 30 29 34
27 24 23 32 18 33 19 34 29 20 14 25 15 30 35 21 31 26 10 4 9 8 5 16 22 1 0 2 3 7 13 17 11 12 6
23 18 24 15 20 14 10 28 27 9 21 25 16 5 11 33 32 29 0 34 1 6 26 22 12 30 17 35 7 31 2 13 3 4 8
4 7 3 13 2 12 11 17 6 16 22 5 0 1 10 27 26 9 31 33 32 21 28 35 23 14 34 24 29 30 20 18 19 25 15
30 21 31 29 26 35 34 22 20 15 33 24 19 32 23 28 17 18 27 16 14 13 12 9 10 0 1 4 11 5 8 3 7 6 2
12 7 2 6 3 16 13 8 5 17 9 10 4 14 0 1 15 19 20 22 21 18 24 26 23 27 25 28 31 35 30 32 29 34 33
32 27 34 28 29 23 30 24 35 31 18 25 26 19 20 21 22 4 1 0 8 15 14 3 5 2 9 13 7 17 10 6 12 16 11
18 23 28 27 19 15 14 20 32 33 25 34 21 29 10 30 9 16 26 22 31 35 11 5 17 12 4 8 13 1 0 7 2 6 3
35 31 30 29 21 22 25 34 17 20 13 33 32 12 16 8 4 28 27 19 24 15 23 0 1 11 3 7 18 2 9 5 6 10 14
7 2 3 11 1 0 10 5 9 12 8 4 16 13 14 17 15 19 18 22 23 20 35 32 24 26 27 31 28 21 33 30 25 34 29
12 13 11 17 7 8 22 21 4 2 3 6 10 15 20 14 19 9 26 25 24 5 18 23 31 0 27 1 28 35 30 29 34 33 32
24 27 18 28 19 33 32 14 20 15 34 25 29 10 21 30 9 35 16 5 26 31 22 4 11 8 0 1 6 2 3 12 7 13 17
32 29 33 30 35 31 25 26 27 28 23 24 21 22 20 18 19 17 1 0 4 15 13 8 3 2 9 14 5 12 7 16 6 10 11
35 30 26 25 29 34 22 21 33 32 17 13 28 0 20 1 4 27 12 15 24 8 23 16 3 5 18 7 9 2 19 6 14 11 10
13 12 16 22 11 21 8 26 4 7 3 20 2 31 25 35 6 30 29 15 34 10 19 24 9 5 0 1 14 27 18 28 23 33 32
30 34 35 26 25 31 33 32 21 22 28 27 20 24 23 18 17 19 15 13 1 0 4 8 16 12 14 9 3 5 7 2 10 6 11
2 7 4 8 6 12 13 11 5 1 0 16 17 10 9 22 14 32 27 31 26 35 33 28 23 34 19 30 15 24 18 29 21 20 25
14 19 9 18 10 24 20 23 21 5 25 16 11 0 1 28 27 6 22 12 30 29 31 17 26 7 33 35 32 2 34 13 3 8 4
25 26 22 20 17 29 30 31 16 15 35 19 24 34 13 12 18 23 14 11 28 27 33 10 9 32 8 4 7 5 0 1 3 6 2
7 3 6 8 11 4 12 13 5 0 1 16 9 10 17 14 22 32 15 27 31 18 35 28 23 19 26 33 24 34 30 21 29 20 25
26 21 17 31 25 13 30 12 16 35 29 20 8 4 34 11 7 15 3 19 24 33 2 18 23 27 32 28 6 10 14 9 0 5 1
12 4 17 8 16 7 3 11 22 2 6 26 21 31 35 30 5 29 20 25 10 0 1 9 34 27 15 24 14 19 28 33 32 23 18
0 5 9 6 10 2 7 14 11 3 15 35 8 4 12 31 32 19 18 30 33 13 34 26 29 16 23 17 28 20 27 24 25 21 22
1 5 9 6 10 2 7 14 11 3 15 35 12 8 31 4 19 32 18 30 13 33 26 16 34 29 17 23 28 25 20 27 24 21 22
24 23 19 28 14 15 27 20 10 33 32 9 25 21 5 29 34 30 16 11 1 0 22 35 31 6 26 7 12 2 8 4 17 3 13
31 30 26 29 34 25 22 33 21 32 17 0 1 28 20 13 27 23 24 4 5 15 12 18 19 9 8 3 16 7 2 6 10 14 11
0 10 1 5 14 15 6 11 19 2 7 18 3 16 20 12 23 24 8 21 25 28 4 17 13 35 27 31 32 30 26 33 22 29 34
15 9 10 18 19 5 24 23 11 0 1 20 6 28 16 27 2 7 21 12 25 3 32 33 8 17 22 4 13 30 29 31 34 35 26
33 34 28 27 29 23 30 24 35 18 31 25 26 19 1 4 20 0 21 14 3 15 8 2 5 22 9 7 6 13 10 17 12 11 16
28 23 24 33 32 18 34 19 29 20 30 14 15 25 35 4 8 21 31 26 10 3 2 16 22 13 9 5 7 17 12 1 0 11 6
8 3 13 7 12 2 11 6 17 16 22 5 1 27 0 26 31 10 32 28 33 35 9 34 30 23 29 21 24 14 19 18 20 25 15
